Blueprint 1:
        ROBOTS             PRODUCTION        MINED
Time rTime ore clay obs geo   ore clay obs geo  ore clay obs geo
 0    --    1   0    0   0     1   0    0   0    0   0    0   0
 1    24    1   0    0   0     1   0    0   0    1   0    0   0
 2    23    1   0    0   0     1   0    0   0    2   0    0   0
 3    22    1   1    0   0     1   0    0   0    1   0    0   0
 4    21    1   1    0   0     1   1    0   0    2   1    0   0
 5    20    1   2    0   0     1   1    0   0    1   2    0   0
 6    19    1   2    0   0     1   2    0   0    2   4    0   0
 7    18    1   3    0   0     1   2    0   0    1   6    0   0
 8    17    1   3    0   0     1   3    0   0    2   9    0   0
 9    16    1   3    0   0     1   3    0   0    3  12    0   0
10    15    1   3    0   0     1   3    0   0    4  15    0   0
11    14    1   3    1   0     1   3    0   0    5  18    0   0
12    13    1   4    1   0     1   3    1   0    3   7    1   0
13    12    1   4    1   0     1   4    1   0    2  11    2   0
14    11    1   4    1   0     1   4    1   0    3  15    3   0
15    10    1   4    2   0     1   4    1   0    4  19    4   0
16     9    1   4    2   0     1   4    2   0    2   9    6   0
17     8    1   4    2   0     1   4    2   0    3  13    8   0
18     7    1   4    2   1     1   4    2   0    4  17   10   0
19     6    1   4    2   1     1   4    2   1    3  21    5   1
20     5    1   4    2   1     1   4    2   1    4  25    7   2
21     4    1   4    2   2     1   4    2   1    5  29    9   3
22     3    1   4    2   2     1   4    2   2    4  33    4   5
23     2    1   4    2   2     1   4    2   2    5  37    6   7
24     1    1   4    2   2     1   4    2   2    6  41    8   9
