
R   > (1,0)  v (0,1)
    v (0,1)  < (-1,0)
    < (-1,0) ^ (0,-1)
    ^ (0,-1) > (1,0)

L   > (1,0)  ^ (0,-1)
    ^ (0,-1) < (-1,0)
    < (-1,0) v (0,1)
    v (0,1)  > (1,0)

             111111
   0123456789012345
 0:        ...#
 1:        .#..
 2:        #...
 3:        ....
 4:...#.......#
 5:........#...
 6:..#....#....
 7:..........#.
 8:        ...#....
 9:        .....#..
10:        .#......
11:        ......#.

------------------
        A D
        ^ v
        1111
        1111 > E
   B   <1111
   v  v 1111 < H
222233334444 >I
222233334444
222233334444<  J
222233334444 ^ v
    ^ v 55556666> G
       >55556666
        55556666< F
       <55556666
        ^ v
        
6    6    6    6     6    6    6    6     6    6     6    6 
1234 1234 1234 1234 1234 1234 1234 1234 1234 1234  1234 1234 
5     5     5     5 5     5     5     5 5     5      5     5    

0         50        100      150
          11111111112222222222    0
          1        12        2
          1        12        2
          1        12        2
          1        12        2
          1        12        2
          1        12        2
          1        12        2
          1        12        2
          11111111112222222222
          3333333333              50
          3        3
          3        3
          3        3
          3        3
          3        3
          3        3
          3        3
          3        3
          3333333333
55555555554444444444              100
5        54        4
5        54        4
5        54        4
5        54        4                            4 to 6: c = 49, r = r + 100
5        54        4
5        54        4
5        54        4
5        54        4
55555555554444444444              150
6666666666
6        6
6        6
6        6
6        6
6        6
6        6
6        6
6        6
6666666666                        200

0        50         100          150
