|0123456|
|       |1
|  #### |0 [ 2, 3, 4, 5 ]
---------

|0123456|
|       |3
|   #   |2
|  ###  |1
|   #   |0 [ 3, 9, 10, 11, 17 ]
---------

|0123456|
|       |3
|    #  |2
|    #  |1
|  ###  |0 [ 2, 3, 4, 11, 18 ]
---------

|0123456|
|       |4
|  #    |3
|  #    |2
|  #    |1
|  #    |0 [ 2, 9, 16, 23, 30 ]
---------

|0123456|
|       |2
|  ##   |1
|  ##   |0 [2, 3, 9, 10]
---------

   |0123456|
28 |       |4
21 |  #    |3
14 |  #    |2
 7 |  #    |1
 0 |  #    |0 [ 2, 9, 16, 23, 30 ]
   ---------

|   #   |2
|  ###  |1
|   #   |0 [ 3, 9, 10, 11, 17 ]

   |0123456|
49 |       |7
42 |       |6
35 |   #   |5
28 |  ###  |4
21 |   #   |3
14 |       |1
 7 |..####.|0
 0 ---------
   
maxy = 0   5 / 7)
